²54 Doc. 204. — An. 1526.

-—

33333333 9333333933 3333 333 3333333, 3 33 3333,
33 93 339333 3333 3333333 3393 333 333 333933 33333
3 33 933333 3333 33 333 3333 33313, 33 93 339333
33333 3333333. 1333333 33333 33333 333 3333 33 33333, 333
93 3333 3333333333, 3 33 33333 3933333 3333. 33 3333
93333333 33333333 3333 9333333933. 333 393 33333 3333333
033 33333 9333393333 339333, 33 33 33333 93333
3333333333, 9333333333 3393 33933 39333333, 33 333 3333
3334333 3 933333, 333 9333 333333 333 33393333 3 333
3333393933 33 339333 33333333 33933 3333 333 33333,
333 93 333333 33933333, 3333 33 333 33333 333333 3 333333
3333 93 393 33933333, 3 33 3333 333 333333 33333333, 3333
33333 3 393 333, 33 93 3333 3333 933333333, 333333 33393333.
fluns 33 9333333, 33 333 33333 33 3333333, 3 33 333 3333. Η
9333333 33 3333333333, 33 3333333333 333 333333,
3333 3333333 93 3333333. 33 3333333 333333 33 333 11333333
363333. 333 333 33333 333333, 333 3333333, 33 33333 33333
ou 1933333 39333333 3333 93 333393333 3 Η33333
33333333, 3333 333 3333333 33Η333333, 333333 3333339333
33 33333333 ou Ιὲ333333, 393333 339333 333 933333, 3333 93
3333333 3 3333 333333 33 33 3333 93 9333333333 33 333
3933, 333 339 33933 3 3333 33333333. 3333 3333 333333
333333 33333, 333 3 31333333 33933333 333333 93333
3333333333 3333933 3 33333. ffl 33333333 333 3333333
&muham 3333 93333 333933 3333333333 33 3333333
3333333 33333333, 3333 33333 33333 9 3333333333 33 333333
33333333 3333933. 333 9333333, 333 333 333 933 33 333333
933333 1113333333 33333, 3 [13333333 3333 33 33333. ’3333
3333 3333333333 3333 33 33 333333 3333933 9 3333
3333333, 33 333 33333333 3333333333, 333 3133333333 3
“ 33333 3ψ333 93 33 3333333333 9333333 333 33333333 33
33333933 33933 33333 9 3333 33333 33333 3333 3333
33333 3333. [Illa 333 33 333333 333, 33 3333333 33 333 333
3333333333 ΡΞ33333 333333. ιῐιι3 33 93 33333 3333333, 333
33 333 33333 3333333, 3333 93 333333, 3333 33 3331333
3333 33 3333 333333 93333333 3393333 33 (33333333 333
333 333 3333333, 3393333 33 333 33333 ἕ333333 3333333333
33 11333333 33333 3333393333 33333313, 3333393333
33333333 33333 333 33333333 33333 9331333333 3333311333333,
3333 33 33 333 9333333333 339333333, 333 33333 33333
33333 33393 3333 333333 33313333 3333333 33333333 aon

 

