Doc. 204. - An. 1526.

tibus perlectiS, exhibenti restitutis. Datum Zagrabie feria secunda
proxima post festum sancti Egidii abbatis. Anno domini millesimo

quingentesimo vigesimo sexto.
Christoforus supra nominatus me sub-
scripsi 11111 propria.
originale in charta. In margine inferiori sigillum. ln arch. incl. Accad.
scient. Slavor. merid.

204.
Anno 1⁵26. 5. septembris Zagrabiae.

Christophorus de Frangepanibus, Joz'cficss episcopo seniensi, exercitum regium
apud Mohal cladem accepisse nuntians, sc Zagrabiae ad defendendam
patriam pecuntizm exerct'tumquc colligere refert.

[1111 8111111111 1111111 1111111111111111111111 1111111111
9111111111 11111111 1111111111, 111 1111111111 111111 11 11111111
1111111111 11111. 11 1111111111 11111111 1111111 111111111111
1111 1111111 11111111 1111111, 1 1111111111 1111 1111 111 11111111,
111 11111111 1111111 111111 11111111111. 1111111111 111111
11 11111111, 11111111 1111 1111111 11111111111. 1111 1111111

,1111111111111111 1111111111111 1111111111, 111. 11111 1111111111,
111 111 1111 1111111111 111111111111 1111111111 1 111, 1111111
1111111 111 unffi 1111 1111111111 111 [1111111111 1111111111 [1111111
11111111111, 11 1111 1111111 11 11111 eain, 111 1111111111 111111
11 1111111, -1111 1111 1111111111 11111 11111111 11111111,
-1111 1111111111 1111111111, 11111111 11111 111111 111111
111111. 11111, 11111111 111 11111 111111, 1111111111, 111111 111
11111111 1111111111 111 111111111ιῖ1 1111 11111111 131111, 11
ouen 11111 1111 1111111111, 11111111 111 111111 111111 111111
’ 111111; 1111, 111 111 111111 11111, 31111 1111 1111111111,
11111 11 111111 1111 1111111111 1111111111, 11111 1111 111 1111111
[1111 11111 11111111, 111 111111 11111111 111111 1111111 1111111
1111111111,1111 1111111 11111 11111111 111111 111 1111111111, 11
11 1111111 111111111111, 1111111111 11111, 11 111 1111111111 111.
111 1 1111 11111111 ffatim 1111 1111111111, 111 111 11111 111111
11111111 111111 1 111 11 111111 11111111 11111 111111 11111. ffi
111111 1111 1111 111 11111111 11111111 [11111111111111111111111111
Pinna 1111111 1111111 1111111 1111111111, 1111 111111 1111111111,
111 11111 1111111 1111111111 1111111 111111. ffl 111 1111111111, 111
111 1111111111 111111 1111 111111 11 11111111 11111111, [11111
11111 1111111111; 111 111111 1111111111 11111 1111111111 11 111111

 

