Index. - I. J. 349

1551601106 1151605155. 19.
15150, possessio. 23.
1515511055, 05111121.
151005
15100.
1500501100, locus. 224.
Jazthrebarzhs, 05511515. 206.
10105519.

10115, nom. prop. 15 19.
jentaculum. 2ll. 212.
1010511555 Dobrowoy ch. 72.
1065110500 capituli. 21. 34. 155.
jobrgiones civit. 126. 325.
jobagio episc. Lucae. 15.
1065110505 episc Simonis. 220.
1065110505 566. Cistercit. 328.
J'obsgiones 055111 Medwcd. 53.
10655505, fil. 11100151 pam 924,

10655505 11511035 1155011055251.
10655505 Corvinus, dux 0165511011.

12. 21. 25. 26. 11. 59. 102. 103. 205. 220.
1065550οΕ155516,1)5555. 611. 62. 123

10655505 30 1656, banus. 239. 241.
10155505 Torqustus. 115555. 220. 221.

232 233. 239. 210. 211. 219 251. 253.
10655505, 0015.Μο315550. 325.
101155505 episc. zagrsb. 208.

10655500 11101 30 8155, lector. 292.
10655501 8153506, archid 8011511.
10655505, archid. chremens. 72.

0551151520251255.

10655505, archid. goricensis. 5056. 259.
10655505 510613. 0551510055. 50. 52. 82.

131. 115. 1181119259.
10655505 archid. 151553. 82. 118.

10655505 1515106 0051050001. esth. 7. 8.

10655500, canon. zagrab. 7. 292.
10655505 0011005, 05505, 185.
10655500 8511055106, 05505 124.
10655505 11111600, 055, 292.
106555051101), 5101055153. 1;
10655505 praebend. 123. 235.
10655505511511510. 15. 131.

10655505 5115115111 30 Crisio. 4.
10655505 presbiter. 200.
1011555051500655 phisicus reg Μ51051.

15ἐὲ5551 30 Ρ5305, notarius publ. 19.

10655505 30 8151505. 319,
10655505 30 (365555, 055 50.

106555053013601510500. 67. 69. 141.

1065550530 (3600511000. 108.
10655505 30 103010505108.
10655505 30 (1516510505106.

1065550530610151110051155101. 115.
10655505 30 11500100 101.

106555οι 30 11555106. 319.
10655505 30 Kapolns. 229.
10655505 30 Κοιιι1005. 158.

1065550530 Κιιρ155, praebend. 201.Ι
202. 203.

1 10655501 30 Μ510065, archid. goricens.

Ι10655500 30 Μ51161501105, 055. 232.
10655505 30 Μοιο. 123.

1065550530 110ορ0150 224.

10655505 30 Pezer 10 102.

10655505 30 Ρ101110151.005 321.
Johsppres de Pobressyc, praebend. 111.
10655505 30 Posegswsr. 91.
1065550530 Reznyk. 319.
1065550530 2151553150, 055. 131.
10655505 30 1315510655101.
10655505 3015110115. 055. 292·
10655505 30 Zech. 325.

106555οι 30 Ζι1ι61.005 101.
10655505,1’11.Α5160511,1’.5305 15. 200.
10655505,61.1“5115511.1123.
10655505851165551106.101.111.
10655505 855111. 198. 228. 238. 233.

1065550585111051011. 61. 69.
10655505 Bina. 29.

10655505 80110. 59.
10655505801016110. 104.
10655505 11153501), 211.
10655505 8115101119.
106555000151506106, 18.
10655505 Dragffy. 228. 229. 247.
10655505 Dragossych. 141.
10655505 1110611601 101.
10655505 1155061. 106.
10655501 Hennyng. 58. 68. 69. 228.
106555051150551. 108.
10655505 1105550061. 211.
10655505601106, 105.
10655505 Μο3106. 116.
10655505 Μ501.011. 120.
10655500 111000, florentinus. 261.
10655505 110151011106. 249.
10655505 0001051. 23.

10655505 Orgowan. 108.
10655505 Ρ5115. 221.

10655505 Ρο315551001ι1. l.
1011555οι Posegsy. 20. 62. 16.
10655505 Pwnek. 29. 106.
106555οι Sampo 221.
10655505 8551150106. 108.
10655500 85155106. 111.
10655505 Soldinarych. 16. 223.
10655505 Sowsn (81055122. 93.
10655505 5115365. 323.
10655505851155106. 12.
10655505 Τ6051. 108.
10655505 senior judex. 61 68.

,10655505,1“515155011.15.63.11119.

1 101215115οι 111015155. 23. 61. 69. 121.

1106115500, pictor. 25.

10655505 30 vico sutorum. 319.
10655505, irenipcr. 114.
1101155505, gener wilhelmi. 120.

24

 

