Doc. 204. -— An. 1526. 255

333333 ou fffflmrffi. 9333 3333333 3333113333 93 333 [33333333 3333933
33331133, 33333333 333 3333. 3333333333 13333 3333333333 3331333333,
333 3333333 3333 3333333333, 3333331333 93 3 33333 331133
[33333333 33 333 33133333, 11113 333333 [3333 333 3333, 333 3333 ,
3333333333 133 3333113333 333 3 3333393333 11333333, 333 93 333333,
33333333 93 3339333, 3 33 333, 33333 3333333, [3333 11133333 9333
93333, 3 1133333333 333333, 33333 3333333333 3333 [3393133333
3333333 33333 91333333331333333333. 11113 3333333333, 3333333
333, 333 3393333333 3333113 33333133 3333333 93333333 3333 3333333
33333333, 33333 3333333 333 333333, 333 33333 [33 339 3 333
3393 3933331133 33333 3331133 333 3333 3 33333133 33333333 33333
33 (1) 33 333 9333333 33333333 333 333 339 3 [33 3333ς 333 31133
93333 33333333 33333933 333333, 333333 (3333113333) ou 1133333333
3333333, 3333 333333 33333333, 33333 3333 3331113 3333331133 333 31133333,
33 333333 3333, 3333 3333 33 3333 33333333. 3333333 93 3339333
33393333, 33 ms 393333 93333 3339133333 3393 3333333333333.
3333333 33 3393333333 33333 3311133933, 333 33 333333 3313333333.
93333 33339333 3333133333 [11339333 33 3333333333 9333333333,
333 339 [3393333333 3 333 3333 333333 9333333333 ou 13333333
3 3333333333 9 3333333333 33333333 3333 33333333, 333 3333331133
[33333333. 11113 3393 3333 3333333933 33 39333 3333333333
3333333, 33333393 93, 333 3333333 3333333 33333333 33333
31339333, 33 333333 33333333, 3333333333 333 [339333 3 333333
11331133, 3333333333 93 333333113313391333333333 333333 3333133933
3339331133 3 13333333 3393. 1113933 33 33333333 9333333333 33·

33333·
1333333333 1333333333, 333333, 933933, 3333333333

33333 3 3333333333.
(Α tergo.)

1111311933339333 3339333 [33333333333333 33333, 3393333333
1333333933, 3333333333 93393333, 3333 333933333333333333333.

Κ3133313331ὅ 1333. Acta (13331133. Vol. 1. p. 215-218.

 

